;mpg;displacement;weight;origin
81;28;97;2155;0
1;11;318;4382;1
148;37,7;89;2050;0
5;23;198;2904;1
19;16;250;3897;1
273;17;163;3140;0
25;18,5;250;3525;1
83;24,3;151;3003;1
249;13;350;4274;1
35;35,7;98;1915;1
50;21,6;121;2795;0
123;21,1;134;2515;0
253;22,3;140;2890;1
236;17,5;250;3520;1
203;13;307;4098;1
158;32,4;107;2290;0
133;18,1;302;3205;1
91;26;97;2300;0
43;32;83;2003;0
131;38,1;89;1968;0
56;37;85;1975;0
184;15;390;3850;1
98;26;91;1955;1
94;34,3;97;2188;0
17;27;101;2202;0
128;20;262;3221;1
106;21;231;3039;1
287;21;200;2587;1
33;32,3;97;2065;0
104;26;121;2234;0
132;17,5;318;4080;1
85;24;119;2545;0
107;18;70;2124;0
53;44,3;90;2085;0
209;31,5;89;1990;0
164;33,5;98;2075;1
71;24;134;2702;0
27;32;144;2665;0
65;38;91;1965;0
15;28;97;2288;0
62;15,5;400;4325;1
54;25;140;2572;1
279;15;383;3563;1
162;25;97,5;2126;1
290;14;304;3672;1
212;29,5;98;2135;0
156;29;97;1940;0
4;28;90;2125;1
129;41,5;98;2144;0
202;18;307;3504;1
121;16,5;168;3820;0
143;21;199;2648;1
102;31;91;1970;0
74;18;121;2933;0
257;16,2;163;3410;0
105;10;307;4376;1
97;19,8;200;2990;1
191;23,5;173;2725;1
38;22;198;2833;1
138;13;302;3870;1
31;19;120;3270;0
173;17;250;3329;1
40;27,5;134;2560;0
260;26;97;2265;0
170;15;250;3432;1
42;11;350;3664;1
13;18;232;3288;1
112;22;146;2815;0
272;25;110;2672;0
137;12;350;4499;1
151;29;68;1867;0
267;24;90;2108;0
93;34,1;91;1985;0
45;33,7;107;2210;0
276;36;107;2205;0
116;23;115;2694;0
58;32,8;78;1985;0
254;16;225;3439;1
78;30,9;105;2230;1
47;15,5;304;3962;1
11;23;120;2506;0
261;44;97;2130;0
264;36;135;2370;1
49;31,5;98;2045;0
168;15;318;3777;1
86;24;120;2489;0
228;14;318;4077;1
227;23;140;2592;1
165;22;225;3233;1
46;44,6;91;1850;0
237;14;340;3609;1
153;21,5;231;3245;1
3;31;76;1649;0
219;30,5;97;2190;0
159;27,4;121;2670;1
211;34,4;98;2045;1
149;22,4;231;3415;1
232;15;400;3761;1
113;24,2;146;2930;0
222;9;304;4732;1
150;23;97;2254;0
265;17,5;305;3880;1
77;18;199;2774;1
188;16,9;350;4360;1
39;31;71;1773;0
207;24;107;2430;0
189;29,8;134;2711;0
136;32,7;168;2910;0
103;20;225;3651;1
26;26,6;151;2635;1
269;29;90;1937;0
266;19;121;2868;0
245;13;350;4699;1
146;34;108;2245;0
118;29;90;1937;0
277;25,5;122;2300;1
163;12;455;4951;1
178;35;72;1613;0
285;20;232;2914;1
225;29,5;97;1825;0
34;34;112;2395;1
185;23;122;2220;1
167;21,5;80;2720;0
29;14;318;4457;1
75;19,1;225;3381;1
12;34,1;86;1975;0
263;21;120;2979;0
140;12;400;4906;1
115;30;111;2155;1
238;29;98;2219;0
199;18;250;3021;1
109;25;90;2223;0
226;33,8;97;2145;0
283;18;318;3436;1
23;31,3;120;2542;0
166;27;97;2130;0
171;14;302;4638;1
196;20;114;2582;0
176;39,4;85;2070;0
190;34,5;105;2150;1
161;28;107;2464;0
84;30;135;2385;1
67;23,7;70;2420;0
220;25,4;183;3530;0
262;20,2;200;3060;1
187;22;122;2395;1
205;28,4;151;2670;1
48;22,5;232;3085;1
124;18;258;2962;1
233;20;130;3150;0
79;16;400;4278;1
258;28;112;2605;1
275;26;98;2255;1
235;16;250;3278;1
92;43,4;90;2335;0
87;16;400;4220;1
20;36,1;98;1800;1
284;20,2;302;3570;1
135;28;98;2164;1
155;13;360;3821;1
250;18;225;3785;1
186;13;400;5140;1
80;28;140;2264;1
177;26;98;2265;0
281;23,9;119;2405;0
147;13;302;3169;1
244;46,6;86;2110;0
6;29;97;2171;0
240;27,2;141;3190;0
142;22;250;3353;1
127;13;318;3755;1
99;12;383;4955;1
241;25;140;2542;1
172;14;400;4385;1
246;18,5;360;3940;1
200;28,1;141;3230;0
122;17,6;302;3725;1
117;15;250;3158;1
8;32;85;1990;0
204;24;121;2660;0
268;27;112;2640;1
152;37;119;2434;0
179;30;98;2155;1
141;15;318;4135;1
88;23,9;260;3420;1
230;15,5;351;4054;1
221;24;113;2372;0
30;14;304;4257;1
213;30;79;2074;0
89;13;351;4363;1
37;16;250;3781;1
21;14;302;4042;1
101;36;79;1825;0
234;30;88;2065;0
224;19,2;305;3425;1
70;19,4;232;3210;1
216;31;119;2720;1
282;23,2;156;2745;1
181;36;120;2160;0
95;28;120;2625;1
182;30,5;98;2051;1
278;27;97;2130;0
175;28;151;2678;1
18;12;350;4456;1
63;24,5;98;2164;1
229;31,6;120;2635;0
193;29;135;2525;1
251;11;400;4997;1
2;37,2;86;2019;0
270;25;104;2375;0
214;13;440;4735;1
247;20,8;200;3070;1
218;21;140;2401;1
201;38;91;1995;0
160;32;91;1965;0
271;25,8;156;2620;1
288;19;70;2330;0
194;16;318;4498;1
144;26;97;1835;0
60;36,1;91;1800;0
57;19;250;3282;1
64;20;156;2807;0
252;24;140;2865;1
169;19;250;3302;1
217;26;122;2451;1
280;30,7;145;3160;0
289;13;350;4055;1
206;39;86;1875;1
90;26,6;350;3725;1
16;18;232;2945;1
286;18;232;2789;1
210;10;360;4615;1
134;23;120;2957;0
120;31;79;2000;0
126;15,5;350;4165;1
32;16;318;4190;1
110;20,2;200;2965;1
44;22;108;2379;0
72;20,3;131;2830;0
223;11;429;4633;1
68;15,5;318;4140;1
183;35,1;81;1760;0
96;19;156;2930;0
145;27;97;2100;0
41;16;302;4141;1
28;34,2;105;2200;1
231;19;232;3211;1
100;26;79;1963;0
197;27;97;1834;0
243;17;260;4060;1